   -0.3046   -0.6106
   -0.0901   -0.4250
    0.5951    0.1007
    0.0160    0.0542
   -0.8458   -0.8163
   -0.2594   -0.5485
    0.9129    0.7578
   -0.5335   -0.5575
    0.8299    0.5241
    0.2325    0.3529
   -0.9248   -0.9058
   -0.8337   -0.8662
    0.9204    0.8000
   -0.9173   -0.7335
   -0.8887   -0.8274
    0.9055    0.9050
    0.9339    0.7842
    0.8932    0.9072
   -0.3843   -0.4803
    0.0299    0.0523
   -0.2275   -0.2671
    0.1734    0.2112
    0.9490    0.9170
    0.9268    0.9001
   -0.9304   -0.8676
   -0.9201   -0.7094
   -0.9500   -0.8537
   -0.9371   -0.8846
    0.0103    0.0888
   -0.9171   -0.7347
   -0.8745   -0.7266
    0.7550    0.8563
   -0.8795   -0.7258
   -0.1512   -0.4538
   -0.6789   -0.7247
   -0.0035   -0.0976
   -0.9481   -0.8514
   -0.9282   -0.8567
    0.1433    0.5299
    0.1874    0.1314
    0.4511    0.4513
    0.8009    0.9000
   -0.1431   -0.1086
    0.8739    0.7713
    0.6480    0.7924
   -0.0509    0.5808
   -0.8469   -0.8625
    0.7711    0.7520
   -0.7710   -0.6284
    0.8957    0.9038
    0.8406    0.7634
    0.0803   -0.0527
    0.7786    0.8584
   -0.3197   -0.3949
    0.0605   -0.0662
    0.7803    0.6903
   -0.0175   -0.0411
   -0.4353   -0.3488
   -0.1292    0.5761
    0.1504    0.1565
   -0.2365   -0.2768
    0.0106    0.1071
    0.9307    0.8674
    0.8573    0.4963
    0.9464    0.4704
   -0.2211   -0.5486
    0.3811    0.5112
   -0.2868   -0.3231
    0.8564    0.8742
   -0.1157   -0.1315
   -0.0917   -0.0988
    0.6260    0.8307
    0.4541    0.2113
   -0.5790   -0.6354
    0.9136    0.9120
    0.9484    0.4553
    0.7284    0.2988
    0.9377    0.8618
    0.9498    0.9036
    0.3223    0.5192
    0.7525    0.7575
   -0.7731   -0.6478
    0.8724    0.8685
   -0.5857   -0.7545
    0.5355    0.6362
    0.9500    0.9195
   -0.0438   -0.0327
    0.8830    0.7162
    0.8283    0.1940
    0.0529    0.0396
    0.9081    0.5233
   -0.6446   -0.6973
    0.1392    0.1888
    0.9344    0.8992
   -0.1198   -0.4501
   -0.9264   -0.7408
    0.2401    0.2603
   -0.9464   -0.7310
    0.6970    0.7744
   -0.9128   -0.7401
    0.1813    0.0743
   -0.9101   -0.7125
   -0.5238   -0.8206
   -0.8384   -0.6995
   -0.2599   -0.4684
    0.8485    0.8776
    0.7827    0.6882
    0.2735    0.5464
    0.8355    0.7530
    0.0511   -0.1370
    0.8517    0.7810
    0.4259    0.5778
    0.8204    0.7953
    0.9498    0.8617
   -0.5896   -0.6163
    0.2659    0.2843
   -0.3169   -0.3229
    0.8928    0.4191
    0.0847   -0.0306
    0.0569   -0.5712
   -0.9439   -0.8661
    0.6676    0.8209
    0.4036    0.5855
   -0.4764   -0.7996
    0.3703    0.5762
   -0.7719   -0.4274
   -0.7788   -0.7810
   -0.8129   -0.6820
   -0.9034   -0.8439
   -0.1144    0.0111
    0.8468    0.8396
   -0.9486   -0.6047
    0.9269    0.8649
   -0.4090   -0.4625
   -0.7609   -0.6932
   -0.2815   -0.2450
    0.9010    0.3531
   -0.8923   -0.6859
    0.1061   -0.3199
   -0.8004   -0.6306
    0.7221    0.8147
    0.4757    0.7239
    0.5115    0.4911
    0.9163    0.3490
    0.5733    0.5767
    0.8659    0.4140
   -0.6969   -0.6657
    0.3552    0.3346
   -0.9416   -0.7193
    0.0092   -0.1796
    0.7865    0.9154
    0.6902    0.7004
    0.9335    0.3062
   -0.8027   -0.5148
   -0.6844   -0.4306
   -0.6381   -0.6236
    0.6642    0.5542
    0.9359    0.7681
    0.7510    0.9037
    0.9273    0.8362
   -0.4391   -0.6419
   -0.9496   -0.8705
    0.3871    0.5633
    0.9330    0.9120
    0.9351    0.8480
    0.3648    0.5860
    0.9456    0.8759
    0.9380    0.8821
   -0.5490   -0.5619
    0.3486    0.4656
   -0.8716   -0.6780
   -0.6725   -0.5628
   -0.5219   -0.5699
   -0.6551   -0.5580
    0.9473    0.8966
   -0.6864   -0.7286
    0.0827    0.2920
    0.9500    0.8608
    0.3377    0.5893
    0.9435    0.7880
    0.2109    0.0671
    0.5333    0.4207
    0.1941    0.5859
   -0.9482   -0.8401
    0.7996    0.8757
    0.7964    0.5011
    0.8603    0.8987
    0.8120    0.8701
    0.2655    0.5915
    0.9029    0.8565
   -0.5267   -0.6501
   -0.3671   -0.3761
   -0.5822   -0.5169
   -0.9460   -0.7408
   -0.0864   -0.1416
   -0.7147   -0.6422
   -0.2918   -0.4791
    0.2584    0.2935
   -0.9465   -0.9266
   -0.4085   -0.5495
    0.1537    0.1477
   -0.9428   -0.8774
    0.4389    0.5795
   -0.1572    0.5536
    0.0031   -0.0905
    0.4790    0.4794
   -0.9170   -0.8565
    0.3511    0.5138
    0.8087    0.5021
    0.2805    0.3036
    0.6362    0.7885
    0.8016    0.7605
    0.8163    0.9166
    0.9158    0.8618
    0.8089    0.8888
    0.2441    0.3254
   -0.9110   -0.9080
    0.0871   -0.0419
   -0.1711    0.5546
   -0.9338   -0.8649
   -0.3374   -0.4336
    0.1290    0.0956
   -0.1536    0.5754
    0.6945    0.8248
   -0.6656   -0.6522
    0.4485    0.3268
   -0.6178   -0.4088
    0.3001    0.5864
   -0.4871   -0.6847
   -0.6839   -0.6598
   -0.7418   -0.7324
   -0.8333   -0.6720
    0.8418    0.7930
   -0.4158   -0.4580
   -0.6733   -0.6088
    0.6482    0.7385
    0.9026    0.9061
   -0.5239   -0.6897
   -0.3383   -0.4322
    0.9462    0.8412
    0.8828    0.9030
   -0.6363   -0.5121
    0.7409    0.7243
   -0.9497   -0.7355
   -0.0683    0.5760
    0.2401    0.1990
    0.1389    0.1132
   -0.7748   -0.6319
    0.9481    0.8503
    0.7400    0.7287
   -0.2779   -0.1036
   -0.3192   -0.4183
    0.3629    0.0708
    0.4931    0.5813
   -0.1971   -0.3058
    0.2221    0.1773
    0.6168    0.7765
    0.8097    0.7374
    0.6813    0.6736
    0.7090    0.6730
    0.2056    0.5905
   -0.0467   -0.3597
    0.1435    0.1749
   -0.9478   -0.8759
   -0.9485   -0.8615
   -0.6492   -0.7511
   -0.9497   -0.7339
    0.6795    0.8374
    0.5210    0.7057
   -0.5671   -0.4977
    0.9496    0.3535
    0.9330    0.8602
    0.7688    0.7512
    0.9101    0.8218
    0.4658    0.5829
   -0.9298   -0.7333
   -0.1231   -0.1928
    0.7615    0.9050
   -0.3280   -0.3515
    0.7790    0.5254
    0.4586    0.4776
    0.6100    0.5208
   -0.1979   -0.2641
    0.9391    0.9180
   -0.3445   -0.6048
   -0.7124   -0.5344
    0.7645    0.9060
    0.9136    0.4227
   -0.5053   -0.7976
    0.7890    0.2649
    0.9495    0.7677
    0.7304    0.9183
   -0.9496   -0.7867
   -0.8868   -0.7026
    0.1319    0.5722
    0.0304    0.0610
   -0.6058   -0.6005
   -0.0526    0.1268
    0.8848    0.9042
   -0.3466   -0.5304
    0.4327    0.5795
   -0.2561    0.5687
    0.8000    0.8761
    0.6995    0.8892
    0.8927    0.9084
    0.9348    0.5090
    0.3623    0.5318
    0.9226    0.8637
   -0.9451   -0.8763
   -0.0766   -0.2414
    0.0972    0.5772
   -0.5191   -0.4789
    0.7794    0.8671
   -0.1682    0.5742
    0.4260    0.5890
    0.0348   -0.0508
    0.8858    0.8534
   -0.2718    0.5635
   -0.9061   -0.8710
    0.5606    0.0899
    0.3149    0.4684
   -0.9466   -0.8976
    0.8685    0.8382
    0.2040    0.5899
    0.9494    0.8932
   -0.3306   -0.6990
    0.7668    0.7878
    0.8038    0.8777
   -0.5117   -0.4697
   -0.3693   -0.4600
    0.9498    0.9192
   -0.3219   -0.6660
    0.3217   -0.3859
    0.9380    0.7556
   -0.1708   -0.2774
   -0.6171   -0.6259
    0.8370    0.7605
    0.2011    0.0295
    0.9433    0.8766
   -0.9456   -0.6522
    0.1287   -0.0083
   -0.4479   -0.7431
   -0.9490   -0.8886
   -0.6621   -0.7075
    0.8388    0.8904
   -0.8727   -0.8671
    0.8284    0.8237
   -0.0558   -0.1158
    0.9497    0.8673
    0.6789    0.8141
    0.7987    0.9173
    0.9464    0.8227
    0.1891    0.1576
    0.5554    0.7451
    0.9107    0.7874
   -0.4336   -0.3756
    0.9477    0.4168
    0.7717    0.5154
    0.1933    0.2277
    0.8235    0.7612
   -0.5059   -0.5517
   -0.9059   -0.9254
    0.2577    0.2307
    0.9451    0.9089
    0.4091    0.3641
    0.0649    0.5756
    0.3004    0.3696
   -0.8943   -0.7328
   -0.0888    0.0501
   -0.8439   -0.8330
   -0.9496   -0.7349
    0.2297    0.4762
   -0.6286   -0.5369
    0.7462    0.8853
    0.8961    0.8137
   -0.8918   -0.7166
   -0.2842    0.5656
    0.0004    0.5721
    0.8959    0.9182
    0.9407    0.7976
    0.5153    0.6837
   -0.1263   -0.2730
   -0.9015   -0.8724
    0.3275    0.5850
    0.9261    0.8750
   -0.9099   -0.8616
   -0.4609   -0.7094
   -0.3323   -0.4048
   -0.9126   -0.8716
    0.5147    0.5088
    0.7823    0.7407
   -0.3447   -0.4238
   -0.8519   -0.8416
   -0.2332   -0.3223
   -0.6868   -0.8682
    0.9448    0.9086
   -0.3922   -0.5861
    0.5013    0.5719
   -0.0700   -0.2850
   -0.7463   -0.6984
    0.6020    0.1057
   -0.2873   -0.1595
   -0.5992   -0.8295
    0.7869    0.7039
    0.8027    0.8772
    0.2337   -0.1685
   -0.8196   -0.8648
   -0.7681   -0.5872
    0.2454    0.4009
    0.9355    0.8813
    0.9376    0.8109
    0.8359    0.8003
    0.8178    0.9157
    0.7271    0.5643
    0.1139    0.0146
    0.8648    0.8949
   -0.1633   -0.4002
   -0.8384   -0.6980
   -0.4661   -0.5288
    0.0558   -0.0286
    0.8541    0.8871
   -0.9340   -0.6795
    0.7590    0.8570
    0.9485    0.8288
    0.3580    0.5179
   -0.9343   -0.7361
   -0.3747   -0.4245
   -0.7778   -0.6666
    0.5582    0.5481
    0.5022    0.6617
    0.2780    0.5907
   -0.8184   -0.8027
    0.9365    0.3673
    0.2949    0.2688
   -0.1328    0.0404
    0.8897    0.7894
   -0.3239   -0.4065
    0.9489    0.9187
   -0.8350   -0.8103
   -0.0658   -0.3291
   -0.0970   -0.1544
    0.2282    0.3641
    0.8598    0.6994
    0.7931    0.8485
   -0.3655   -0.4569
   -0.3247   -0.3501
   -0.3800   -0.2069
    0.9240    0.8411
   -0.9499   -0.8378
    0.5888    0.8053
    0.9108    0.5229
    0.8539    0.4586
   -0.7780   -0.6523
   -0.0256   -0.3284
    0.1379   -0.0590
    0.8766    0.8412
   -0.5235   -0.6960
    0.7745    0.9126
    0.8042    0.9147
    0.8732    0.4177
    0.9176    0.7590
    0.7965    0.8681
   -0.1769   -0.4992
    0.7565    0.8594
    0.8194    0.7312
   -0.2605   -0.4983
    0.7596    0.9192
   -0.9166   -0.8194
    0.8189    0.7563
    0.6591    0.5604
    0.3499    0.5750
   -0.9118   -0.8690
    0.3648    0.4917
    0.7556    0.9020
    0.4380    0.5834
    0.8651    0.9069
    0.0680   -0.0122
    0.3707    0.4850
    0.8682    0.8850
   -0.3194   -0.3948
    0.9033    0.7452
    0.7870    0.9029
    0.1164    0.1133
    0.8166    0.9123
   -0.8756   -0.8544
   -0.9399   -0.7260
    0.4572    0.5821
    0.8191    0.8032
   -0.9494   -0.8661
   -0.5064   -0.7943
    0.9339    0.7297
    0.7758    0.8872
    0.9498    0.8663
   -0.7264   -0.8779
   -0.7355   -0.8941
   -0.8443   -0.7227
    0.6825    0.8196
   -0.1697   -0.2847
    0.5587    0.7381
    0.8801    0.8760
    0.4289    0.1333
   -0.0271   -0.6405
    0.6676    0.4932
    0.7595    0.8576
   -0.9190   -0.7586
    0.2105    0.2522
    0.8727    0.8755
    0.0933    0.0867
    0.8889    0.8822
    0.9489    0.9188
    0.3454    0.5891
   -0.9481   -0.7278
    0.2372    0.3654
   -0.2972   -0.6023
   -0.7182   -0.5877
    0.0447    0.0203
   -0.8107   -0.6505
    0.1901    0.2851
    0.7761    0.7368
    0.9500    0.4631
   -0.5344   -0.4886
    0.1319    0.1009
    0.8653    0.8063
   -0.0244   -0.2262
    0.1685    0.5874
    0.2300    0.2940
    0.6099    0.6301
    0.4700    0.4740
    0.2289    0.5384
    0.8982    0.7746
    0.7664    0.8572
    0.1733    0.5753
    0.4260    0.5913
   -0.9374   -0.7289
    0.8764    0.7742
    0.3324    0.5981
    0.2875    0.3468
   -0.0959   -0.0222
    0.8282    0.9087
   -0.9419   -0.7382
    0.6635    0.6262
   -0.2567   -0.3452
    0.6967    0.6846
    0.0575   -0.0190
   -0.7156   -0.7474
   -0.9239   -0.8543
    0.7668    0.0620
    0.7833    0.7931
   -0.1217    0.5639
   -0.8490   -0.8404
    0.9478    0.3271
   -0.0903   -0.1834
   -0.2534   -0.3560
   -0.9500   -0.7784
    0.1449    0.0448
    0.9473    0.7038
   -0.9499   -0.8727
   -0.3002   -0.3994
   -0.9428   -0.9212
   -0.0047    0.0085
   -0.1295   -0.3284
    0.8916    0.8882
    0.3085    0.5893
   -0.9241   -0.7107
    0.9499    0.8908
    0.6282    0.7770
   -0.4767   -0.6138
    0.0323    0.5834
   -0.9498   -0.8620
   -0.9255   -0.8799
    0.2679    0.5893
   -0.8168   -0.6507
   -0.4277   -0.4957
   -0.9397   -0.7426
    0.3542    0.2771
    0.8515    0.7661
   -0.2083   -0.3711
   -0.8530   -0.5793
    0.6832    0.6915
   -0.9425   -0.7648
   -0.0479   -0.0921
   -0.7962   -0.8540
    0.8213    0.8394
   -0.9263   -0.6928
   -0.8809   -0.7363
    0.7694    0.9038
   -0.9380   -0.8779
    0.4352    0.3913
    0.8633    0.7807
    0.9282    0.8785
    0.9482    0.8057
    0.0646    0.2665
    0.8524    0.8907
    0.0224    0.0066
    0.7596    0.2780
   -0.6173   -0.4637
    0.5521    0.6459
   -0.8636   -0.6797
    0.0359   -0.1115
   -0.9499   -0.8101
   -0.8494   -0.8732
    0.8784    0.7923
   -0.0997   -0.2257
    0.8091    0.5511
   -0.5005   -0.5425
   -0.9208   -0.8440
    0.9365    0.8850
    0.8219    0.8677
    0.1625    0.5367
    0.9121    0.7840
   -0.9229   -0.7715
    0.8050    0.7544
   -0.8199   -0.7517
   -0.6050   -0.6180
   -0.3009   -0.1494
   -0.4118   -0.4057
    0.4987    0.5024
   -0.4822   -0.6927
    0.6565    0.6878
    0.9025    0.8991
   -0.7148   -0.8072
   -0.4463   -0.4332
    0.7960    0.7112
    0.9314    0.9138
   -0.0148   -0.1004
   -0.5033   -0.5039
    0.9109    0.8561
    0.1110    0.0775
   -0.9500   -0.8729
   -0.8843   -0.8348
   -0.6629   -0.7134
    0.3893    0.5685
   -0.7875   -0.5838
   -0.5678   -0.8368
    0.9494    0.8597
   -0.1247   -0.1906
   -0.8350   -0.8066
   -0.6072   -0.7301
    0.3232    0.3252
   -0.4949   -0.4930
   -0.2425    0.5680
    0.2961    0.4222
    0.2323    0.1852
    0.9473    0.8338
    0.8994    0.8396
    0.6916    0.3244
    0.7760    0.8627
    0.9419    0.9008
   -0.0528   -0.0029
    0.5010    0.5745
    0.4725    0.3474
    0.8827    0.8845
    0.5234    0.5804
   -0.0100   -0.1018
    0.4330    0.5770
   -0.9071   -0.7326
    0.0182    0.5447
   -0.6945   -0.6295
   -0.9191   -0.7284
    0.8685    0.8920
    0.0224   -0.1145
   -0.2944    0.5658
   -0.2931   -0.3956
   -0.8123   -0.8331
    0.5169    0.6841
    0.7127    0.8363
   -0.7153   -0.7527
    0.8994    0.9181
    0.2531    0.2903
    0.4202    0.4942
   -0.6604   -0.6981
    0.7742    0.6580
    0.9391    0.8399
    0.0814    0.5379
   -0.5857   -0.5569
   -0.7173   -0.6789
   -0.7038   -0.4845
    0.8115    0.7741
    0.9116    0.8968
    0.7252    0.8413
   -0.2469    0.5694
    0.6255    0.5102
    0.5036    0.6850
   -0.4486   -0.5014
   -0.1451   -0.4548
   -0.1242   -0.2051
    0.9493    0.8337
    0.9494    0.4819
    0.5909    0.8415
    0.7850    0.9152
    0.8803    0.8716
   -0.9291   -0.8612
   -0.5669   -0.3646
   -0.3495   -0.1885
    0.9497    0.4254
   -0.2170   -0.0887
   -0.3723   -0.5969
    0.2712    0.5449
   -0.8726   -0.8279
   -0.9489   -0.8745
    0.1174    0.3899
   -0.7248   -0.6580
    0.0195    0.5842
   -0.5655   -0.2690
    0.7381    0.8474
   -0.1859   -0.2300
   -0.8785   -0.9014
    0.9227    0.8635
    0.0046   -0.0181
   -0.0201    0.0460
    0.6817    0.8717
    0.4887    0.5328
    0.9222    0.7396
   -0.4630   -0.4685
    0.7223    0.7101
    0.9453    0.7734
    0.3534    0.5193
    0.0388   -0.1257
   -0.2712   -0.1670
   -0.4442   -0.5474
    0.9347    0.8908
    0.8882    0.4119
   -0.2818   -0.3855
    0.0451   -0.0649
    0.9487    0.4924
   -0.4696   -0.3303
    0.5066    0.7636
   -0.1946   -0.5064
    0.9342    0.9010
    0.3830    0.5040
    0.8071    0.8311
    0.7866    0.3780
    0.0921   -0.0288
   -0.1621    0.5597
   -0.8558   -0.7071
   -0.0494   -0.0898
   -0.4266   -0.6512
    0.9467    0.4920
    0.9396    0.6360
   -0.9259   -0.8554
    0.3590    0.3526
    0.7634    0.8858
    0.9434    0.7788
   -0.8251   -0.7596
   -0.4121   -0.7205
   -0.6956   -0.5775
   -0.5682   -0.8195
    0.0364    0.0270
    0.6064    0.5709
   -0.8819   -0.7331
    0.3226    0.2957
   -0.2601   -0.3709
    0.3161    0.6582
   -0.8761   -0.7284
    0.9495    0.7525
    0.1006    0.1456
   -0.6509   -0.6284
    0.8787    0.3578
    0.9464    0.8449
    0.2127    0.5789
    0.6991    0.8269
    0.0812    0.0799
    0.3106    0.3510
    0.7156    0.8439
    0.9486    0.7908
    0.2766    0.4962
    0.6080    0.6315
   -0.7489   -0.6052
    0.7886    0.8365
   -0.2863    0.5665
    0.7990    0.8998
    0.5629    0.6749
    0.3537    0.0030
    0.5641    0.4999
   -0.9034   -0.8439
    0.1026    0.1916
   -0.3901   -0.7242
    0.8200    0.7603
   -0.4195   -0.4356
    0.9392    0.7794
   -0.9255   -0.8503
    0.9465    0.8544
   -0.7032   -0.6686
    0.8363    0.7447
   -0.2092   -0.3566
    0.9433    0.4488
   -0.8581   -0.8216
    0.8121    0.7947
   -0.9290   -0.8772
   -0.5061   -0.5104
    0.8660    0.9084
    0.3987    0.5871
   -0.9434   -0.8658
    0.2435    0.5384
    0.5794    0.7052
    0.8963    0.7964
    0.6230    0.7761
    0.9023    0.7895
    0.5573    0.2860
    0.2267         0